(
    [
        [1, 19],
        [2, 1],
        [1, 5],
        [12, 31],
        [6, 33],
        [1, 33],
        [12, 1],
        [13, 6],
        [13, 26],
        [13, 18],
        [5, 35],
        [13, 14],
        [6, 5],
        [13, 1],
        [2, 1],
        [6, 1],
        [11, 2],
        [5, 5],
        [5, 12],
        [14, 6],
        [1, 15],
        [1, 12],
        [2, 14],
        [5, 13],
        [1, 6],
        [13, 12],
        [1, 3],
        [11, 12],
        [11, 2],
        [11, 13],
        [1, 19],
        [1, 25],
        [11, 1],
        [12, 23],
        [6, 13],
        [14, 5],
        [5, 14],
        [12, 13],
        [5, 6],
        [6, 34],
        [5, 37],
        [12, 2],
        [11, 23],
        [1, 2],
        [11, 1],
        [12, 35],
        [5, 1],
        [1, 13],
        [13, 5],
        [6, 14],
        [13, 14],
        [14, 6],
        [2, 14],
        [13, 13],
        [13, 31],
        [5, 35],
        [2, 11],
        [13, 6],
        [12, 11],
        [12, 5],
        [6, 2],
        [1, 11],
        [14, 3],
        [12, 15],
        [2, 12],
        [11, 8],
        [14, 18],
        [6, 26],
        [14, 13],
        [13, 11],
        [12, 37],
        [5, 9],
    ],
    [
        0,
        1,
        1,
        0,
        0,
        0,
        1,
        1,
        0,
        0,
        0,
        1,
        1,
        1,
        0,
        1,
        0,
        0,
        1,
        1,
        0,
        1,
        0,
        1,
        1,
        1,
        0,
        1,
        1,
        1,
        0,
        0,
        1,
        0,
        1,
        1,
        1,
        1,
        1,
        0,
        0,
        1,
        0,
        1,
        0,
        0,
        1,
        1,
        1,
        1,
        0,
        0,
        0,
        0,
        0,
        0,
        1,
        0,
        1,
        1,
        0,
        1,
        0,
        0,
        1,
        0,
        0,
        0,
        1,
        1,
        0,
        0,
    ],
)
